16
0
0
2
0
1
7
0
2
5
0
3
5
0
4
4
0
5
8
0
6
-4
0
7
2
0
8
8
0
9
8
0
10
5
0
11
6
0
12
1
0
13
2
0
14
4
0
15
4
1
1
-1
1
2
8
1
3
9
1
5
-5
1
6
-5
1
7
-6
1
8
4
1
9
-7
1
10
-3
1
11
3
1
12
-3
1
13
-3
1
14
-3
1
15
-8
2
2
-2
2
3
5
2
4
4
2
5
6
2
6
6
2
7
10
2
8
10
2
9
4
2
10
2
2
11
3
2
12
3
2
13
2
2
14
-2
2
15
-1
3
3
-1
3
4
5
3
5
2
3
6
-4
3
7
4
3
8
5
3
9
2
3
10
4
3
11
5
3
13
3
3
14
3
4
4
-2
4
5
2
4
6
7
4
7
1
4
8
5
4
9
5
4
10
-2
4
11
1
4
13
4
4
14
7
5
5
-1
5
6
-6
5
7
-3
5
8
3
5
9
-5
5
10
-5
5
11
-3
5
12
-7
5
13
-4
5
14
-6
5
15
-4
6
6
-1
6
7
-8
6
8
2
6
9
-6
6
10
-6
6
11
4
6
12
-6
6
13
-7
6
14
-5
6
15
-7
7
7
-2
7
8
-1
7
9
-4
7
10
-10
7
11
8
7
12
-9
7
13
-4
7
14
-2
7
15
-5
8
8
1
8
9
1
8
10
7
8
11
1
8
12
5
8
13
6
8
14
3
8
15
2
9
9
-2
9
10
-6
9
11
7
9
12
-6
9
13
-8
9
14
-5
9
15
-8
10
10
2
10
11
2
10
12
-8
10
13
-5
10
14
-6
10
15
-6
11
11
-2
11
12
6
11
13
7
11
14
2
11
15
2
12
12
-1
12
13
-9
12
14
-5
12
15
-6
13
13
-1
13
14
-4
13
15
-5
14
14
1
14
15
-6
15
15
2
